$ 1 0.000005 10.20027730826997 50 5 50 5e-11
w 1552 288 1568 288 0
x 1366 104 1586 107 4 24 Replacement\sTC426
b 1287 115 1545 449 0
w 1680 432 1744 432 0
w 1680 288 1744 288 0
c 1680 288 1680 432 4 0.000001 0.001 0.001 0
r 1568 288 1680 288 0 500
162 1744 288 1744 432 2 default-led 1 0 0 0.01
w 1568 432 1328 432 0
w 1680 432 1568 432 0
w 1152 432 1248 432 0
w 1152 368 1152 432 0
p 1568 288 1568 432 3 0 0 10000000
w 1248 368 1248 432 0
w 1328 432 1248 432 0
w 1328 352 1328 432 0
i 1328 128 1328 288 0 0.0000024999999999999998
i 1392 128 1392 208 0 0.0005
w 1328 128 1392 128 0
R 1328 128 1328 80 0 0 40 15 0 0 0.5
g 1328 432 1328 464 0 0
w 1328 288 1328 320 0
w 1392 288 1328 288 0
w 1392 240 1392 288 0
w 1472 224 1472 288 0
f 1472 224 1392 224 41 1.5 0.02
f 1248 336 1328 336 32 1.5 0.02
I 1472 288 1552 288 0 0.5 5
I 1392 288 1472 288 0 0.5 5
407 1152 336 1248 336 1
R 1072 336 1008 336 0 2 40 5 0 0 0.5
r 1152 336 1072 336 0 500
r 1248 336 1248 240 0 1000
R 1248 240 1248 192 0 0 40 5 0 0 0.5
o 12 64 0 4099 5 0.1 0 1
