$ 1 0.000005 9.001713130052181 36 5 50 5e-11
t 800 224 848 224 0 1 -13.859922753446067 0.27162504192164194 100 default
t 848 240 896 240 0 1 -14.131547795367709 0.39119404064515034 100 default
t 800 352 896 352 0 1 0.16441555051276852 0.6416737144999086 100 default
t 752 240 800 240 0 1 0.14589468685607465 0.6442982189100984 100 default
t 672 192 672 240 0 1 0.1464472114658355 0.3711260026924763 100 default
w 896 256 896 288 0
w 896 336 896 288 0
w 896 288 944 288 0
w 896 208 896 112 0
g 896 432 896 464 0 0
w 896 368 896 432 0
w 800 432 624 432 0
w 624 368 624 240 0
w 624 240 656 240 0
z 624 432 624 368 2 default-zener
R 672 112 672 64 0 0 40 6.5 0 0 0.5
R 896 112 896 64 0 0 40 15 0 0 0.5
r 800 192 800 112 0 3000
r 800 352 800 432 0 1000
w 800 432 896 432 0
w 896 112 800 112 0
w 624 240 576 240 0
w 624 432 576 432 0
w 576 432 576 272 0
34 Schottky 1 3.15e-7 0 0.6456328310234146 70 1
d 832 288 896 288 2 Schottky
d 736 192 800 192 2 Schottky
w 800 256 800 288 0
w 800 288 832 288 0
w 800 288 800 352 0
w 800 192 800 224 0
p 944 288 944 432 3 0 0 10000000
w 1056 432 944 432 0
w 848 208 896 208 0
w 896 208 896 224 0
r 672 192 672 112 0 2500
w 480 272 480 432 0
w 480 432 576 432 0
w 944 432 896 432 0
d 672 192 736 192 2 Schottky
w 688 240 736 240 0
w 736 240 736 192 0
w 736 240 752 240 0
r 944 288 1056 288 0 500
162 1120 288 1120 432 2 default-led 1 0 0 0.01
c 1056 288 1056 432 4 0.000001 0.4772516543554123 0.001 0
w 1056 288 1120 288 0
w 1056 432 1120 432 0
b 602 96 917 450 0
x 695 89 872 92 4 24 Original\sSG2626
407 480 240 576 240 1
R 384 240 320 240 0 2 40 5 0 0 0.5
r 384 240 480 240 0 500
o 30 64 0 4099 20 0.1 0 1
