$ 1 0.000005 382.76258214399064 49 5 50 5e-11
f 912 272 976 272 8 1.5 2
f 1248 272 1184 272 8 1.5 2
f 912 496 976 496 8 1.5 2
f 1248 496 1184 496 8 1.5 2
w 976 288 976 384 0
w 976 384 976 480 0
w 1184 480 1184 384 0
w 1184 288 1184 384 0
w 976 224 976 256 0
w 1184 224 1184 256 0
w 976 512 976 576 0
w 976 576 1088 576 0
w 1088 576 1184 576 0
w 1184 576 1184 512 0
407 720 272 768 272 2049
t 208 320 208 288 0 1 0 0 100 default
t 352 320 352 288 0 1 0 0 100 default
t 208 432 208 400 1 -1 0 0 100 default
t 352 432 352 400 1 -1 0 0 100 default
407 1344 272 1392 272 3073
407 1344 496 1392 496 3073
407 720 496 768 496 2049
r 848 272 848 384 0 1000
r 1312 272 1312 384 0 1000
r 1312 496 1312 576 0 1000
r 848 496 848 576 0 1000
w 224 288 224 256 0
w 224 368 224 400 0
w 368 288 368 256 0
w 160 288 192 288 0
w 368 400 368 368 0
w 160 400 192 400 0
w 336 288 304 288 0
w 304 288 304 400 0
w 304 400 336 400 0
w 208 320 208 336 0
w 352 336 352 320 0
w 208 432 208 448 0
w 352 448 352 432 0
w 160 288 160 400 0
w 208 336 112 336 0
w 112 336 112 448 0
w 112 448 208 448 0
w 352 336 432 336 0
w 352 448 432 448 0
w 432 448 432 336 0
w 368 256 224 256 0
w 368 368 272 368 0
w 272 368 224 368 0
r 432 336 512 336 0 10
r 112 336 32 336 0 10
w 1520 496 1520 656 0
w 1520 656 160 656 0
w 160 656 160 400 0
w 640 496 304 496 0
w 304 496 304 400 0
w 1520 304 1520 496 0
w 1072 224 976 224 0
w 1072 224 1184 224 0
w 848 576 976 576 0
w 1312 576 1184 576 0
v 1312 576 1312 640 0 0 40 5 0 0 0.5
w 816 640 816 528 0
w 1344 528 1344 640 0
w 640 304 640 496 0
w 1568 272 1568 528 0
w 1568 528 1568 688 0
w 1568 688 592 688 0
w 592 592 592 528 0
w 592 528 592 272 0
v 592 528 528 528 0 0 40 5 0 0 0.5
v 528 688 592 688 0 0 40 5 0 0 0.5
w 528 528 528 256 0
w 528 256 368 256 0
w 528 688 272 688 0
w 272 688 272 368 0
v 816 384 816 304 0 0 40 5 0 0 0.5
v 1344 384 1344 304 0 0 40 5 0 0 0.5
w 976 384 848 384 0
w 1184 384 1312 384 0
w 816 384 848 384 0
w 1312 384 1344 384 0
v 1072 112 1072 224 0 0 40 12 0 0 0.5
w 1072 112 1600 112 0
w 1600 112 1600 720 0
w 1088 576 1088 720 0
w 1088 720 1600 720 0
S 512 224 512 144 0 0 false 0 2
w 368 256 368 112 0
w 368 112 48 112 0
w 528 112 528 144 0
w 512 336 512 224 0
w 528 112 368 112 0
S 32 224 32 144 0 0 false 0 2
w 32 336 32 224 0
w 16 144 16 80 0
w 272 368 272 80 0
w 272 80 16 80 0
w 496 144 496 80 0
w 496 80 272 80 0
p 528 592 592 592 3 0 0 10000000
p 272 688 272 752 3 0 0 10000000
w 592 592 592 688 0
w 528 592 528 528 0
w 272 752 592 752 0
w 592 752 592 688 0
w 1312 640 1344 640 0
w 1312 496 1344 496 0
w 1312 272 1344 272 0
w 816 272 848 272 0
w 816 496 848 496 0
r 1520 304 1440 304 0 250
r 640 304 720 304 0 250
r 1520 496 1440 496 0 250
r 720 496 640 496 0 250
w 720 272 592 272 0
w 720 528 592 528 0
w 1440 272 1568 272 0
w 1440 528 1568 528 0
w 816 640 1312 640 0
415 1184 384 976 384 0 0.00000275 1.8 0.03 0.03 0.000003 0.000003 1 0
r 1312 272 1248 272 0 50
r 1312 496 1248 496 0 50
r 912 496 848 496 0 50
r 848 272 912 272 0 50
w 48 112 48 144 0
x 70 187 109 190 4 24 CW
x 551 186 608 189 4 24 CCW
x -71 193 -9 196 4 24 Coast
x 408 187 470 190 4 24 Coast
x 927 177 1020 180 4 24 H\sBridge
x 1018 351 1148 354 4 24 Servo\sMotor
b 927 192 1226 612 0
o 70 64 0 4099 10 3.2 0 2 70 3
