$ 1 0.000005 382.76258214399064 31 5 50 5e-11
f 912 272 976 272 8 1.5 2
w 976 288 976 384 0
w 976 224 1184 224 0
w 976 224 976 256 0
v 528 352 528 272 0 0 40 5 0 0 0.5
w 976 384 912 384 0
v 1184 384 1184 224 0 0 40 12 0 0 0.5
w 816 272 848 272 0
415 1184 384 976 384 0 0.00000275 1.8 0.03 0.03 0.000003 0.0003 1 0
r 848 272 912 272 0 50
x 1018 351 1148 354 4 24 Servo\sMotor
t 576 368 624 368 0 1 -2.582564205747465 0.18047271269029477 40 default
407 720 352 816 352 1
w 816 272 816 352 0
w 816 384 848 384 0
r 720 352 624 352 0 500
s 576 320 576 368 0 1 false
w 720 384 720 432 0
w 912 384 848 384 0
w 576 432 528 432 0
w 528 432 528 352 0
w 624 384 624 432 0
w 624 432 720 432 0
r 976 224 816 224 0 1000
w 624 272 576 272 0
w 576 272 528 272 0
w 576 432 624 432 0
r 576 320 576 272 0 1000
r 624 352 624 272 0 500
w 816 224 816 272 0
b 762 157 479 524 0
b 774 157 1233 524 0
x 565 183 658 186 4 24 Peaceful
x 956 182 1041 185 4 24 Explody
x 567 549 685 552 4 24 Low\sPower
x 946 549 1070 552 4 24 High\sPower
g 976 384 976 416 0 0
g 720 432 720 464 0 0
x 783 421 913 424 4 24 Optocoupler
x 734 151 815 154 4 24 Air\sGap
