$ 1 0.000005 382.76258214399064 49 5 50 5e-11
f 912 272 976 272 8 1.5 2
f 1248 272 1184 272 8 1.5 2
f 912 496 976 496 8 1.5 2
f 1248 496 1184 496 8 1.5 2
w 976 288 976 384 0
w 976 384 976 480 0
w 1184 480 1184 384 0
w 1184 288 1184 384 0
w 976 224 976 256 0
w 1184 224 1184 256 0
w 976 512 976 576 0
w 976 576 1088 576 0
w 1088 576 1184 576 0
w 1184 576 1184 512 0
r 848 272 848 384 0 1000
r 1312 272 1312 384 0 1000
r 1312 496 1312 576 0 1000
r 848 496 848 576 0 1000
w 1072 224 976 224 0
w 1072 224 1184 224 0
w 848 576 976 576 0
w 1312 576 1184 576 0
v 1312 576 1312 640 0 0 40 5 0 0 0.5
w 816 640 816 528 0
w 1344 528 1344 640 0
v 816 384 816 304 0 0 40 5 0 0 0.5
v 1344 384 1344 304 0 0 40 5 0 0 0.5
w 976 384 848 384 0
w 1184 384 1312 384 0
w 816 384 848 384 0
w 1312 384 1344 384 0
v 1072 112 1072 224 0 0 40 12 0 0 0.5
w 1072 112 1440 112 0
w 1440 112 1440 720 0
w 1088 576 1088 720 0
w 1088 720 1440 720 0
w 1312 640 1344 640 0
w 1312 496 1344 496 0
w 1312 272 1344 272 0
w 816 272 848 272 0
w 816 496 848 496 0
w 816 640 1312 640 0
415 1184 384 976 384 0 0.00000275 1.8 0.03 0.03 0.000003 0.000003 1 0
r 1312 272 1248 272 0 50
r 1312 496 1248 496 0 50
r 912 496 848 496 0 50
r 848 272 912 272 0 50
x 927 177 1020 180 4 24 H\sBridge
x 1018 351 1148 354 4 24 Servo\sMotor
b 927 192 1226 612 0
s 816 272 816 304 0 1 false
s 1344 272 1344 304 0 0 false
s 1344 496 1344 528 0 1 false
s 816 496 816 528 0 0 false
